Number of cliques: 37322355
Size of largest maximal clique: 67

Distribution of clique sizes:
Size Number of cliques
67    4
66    22
65    49
64    84
62    242
63    146
61    283
60    405
59    447
57    546
55    2042
53    9514
58    449
56    1080
54    3737
52    17707
51    25637
49    39822
50    30011
47    99522
48    62437
45    222461
46    158352
44    275995
43    321829
42    367879
41    420796
40    474301
34    878552
36    744634
38    583922
37    663650
39    520239
35    809485
31    1055653
32    1017560
33    946717
30    1034106
29    999860
28    955212
27    892719
26    818353
25    753633
24    706753
22    640890
23    673924
17    839330
21    611976
20    600192
18    729601
19    639413
16    939987
14    945194
13    877282
11    728098
12    798073
8    588889
10    665661
9    608937
7    598284
5    939336
6    684873
15    980831
4    1823321
3    3171609
2    2319807

Time taken by algorithm: 360.025 seconds
