Found 36365 hCliques
Found 53381 h - 1 Cliques
Inital Parameters:
l: 115 u: 73
Max Flow: 24840
l is: 115 and u is: 73
val is: 0.000195618
72
3 17 6 11 22 29 42 30 57 81 89 109 141 151 157 214 195 222 223 229 306 333 216 241 254 276 404 440 297 336 455 451 472 480 571 612 531 488 711 732 736 733 638 771 504 841 798 783 799 810 851 1581 975 1303 2339 962 2354 2342 2343 2429 4475 971 1281 1487 2337 3122 957 2574 3264 2374 940 984 
CDS Density: 114.847
Number of cliques: 8269
Number of vertices: 72
Time taken by algorithm: 2.04415 seconds
