Number of cliques: 37322355
Size of largest maximal clique: 67

Distribution of clique sizes:
Size Number of cliques
67    4
62    242
64    84
61    283
63    146
65    49
66    22
60    405
55    2042
56    1080
57    546
58    449
59    447
53    9514
54    3737
52    17707
51    25637
48    62437
49    39822
45    222461
46    158352
47    99522
44    275995
43    321829
42    367879
41    420796
40    474301
39    520239
38    583922
37    663650
36    744634
35    809485
33    946717
32    1017560
34    878552
31    1055653
29    999860
30    1034106
28    955212
27    892719
26    818353
25    753633
24    706753
23    673924
22    640890
21    611976
20    600192
19    639413
18    729601
17    839330
16    939987
15    980831
14    945194
13    877282
12    798073
11    728098
10    665661
9    608937
8    588889
7    598284
6    684873
5    939336
4    1823321
50    30011
3    3171609
2    2319807

Time taken by algorithm: 212.969 seconds
